                        10                        50
                        11          58.8881944173156
                        12          62.4899959967968
                        13          65.1986841535707
                        14          67.4355957741627
                        15          69.3649167310371
                        16          71.0713075057055
                        17          72.6053091109146
                        18                        74
                        19          75.2784493195291
                        20          76.4575131106459
                        21          77.5499546279118
                        22          78.5657137141714
                        23          79.5127091267474
                        24          80.3973683071413
                        25           81.224989991992
                        26                        82
                        27          82.7261363439071
                        28          83.4065861769801
                        29          84.0440890610984
                        30          84.6410161513776
                        31          85.1994318135961
                        32          85.7211421989835
                        33          86.2077339804633
                        34          86.6606055596467
                        35          87.0809924354783
                        36          87.4699879903904
                        37          87.8285606387555
                        38          88.1575680566778
                        39          88.4577690460588
                        40          88.7298334620742
                        41          88.9743505398102
                        42          89.1918358845308
                        43          89.3827373350304
                        44          89.5474398665704
                        45          89.6862696659689
                        46          89.7994974842648
                        47          89.8873413503583
                        48          89.9499687108764
                        49          89.9874980462644
                        50                        90
                        51          89.9874980462644
                        52          89.9499687108764
                        53          89.8873413503583
                        54          89.7994974842648
                        55          89.6862696659689
                        56          89.5474398665704
                        57          89.3827373350304
                        58          89.1918358845308
                        59          88.9743505398102
                        60          88.7298334620742
                        61          88.4577690460588
                        62          88.1575680566778
                        63          87.8285606387555
                        64          87.4699879903904
                        65          87.0809924354783
                        66          86.6606055596467
                        67          86.2077339804633
                        68          85.7211421989835
                        69          85.1994318135961
                        70          84.6410161513776
                        71          84.0440890610984
                        72          83.4065861769801
                        73          82.7261363439071
                        74                        82
                        75           81.224989991992
                        76          80.3973683071413
                        77          79.5127091267474
                        78          78.5657137141714
                        79          77.5499546279118
                        80          76.4575131106459
                        81          75.2784493195291
                        82                        74
                        83          72.6053091109146
                        84          71.0713075057055
                        85          69.3649167310371
                        86          67.4355957741627
                        87          65.1986841535707
                        88          62.4899959967968
                        89          58.8881944173156
                        90                        50
                        89          41.1118055826844
                        88          37.5100040032032
                        87          34.8013158464293
                        86          32.5644042258373
                        85          30.6350832689629
                        84          28.9286924942945
                        83          27.3946908890854
                        82                        26
                        81          24.7215506804709
                        80          23.5424868893541
                        79          22.4500453720882
                        78          21.4342862858286
                        77          20.4872908732526
                        76          19.6026316928587
                        75           18.775010008008
                        74                        18
                        73          17.2738636560929
                        72          16.5934138230199
                        71          15.9559109389016
                        70          15.3589838486225
                        69          14.8005681864039
                        68          14.2788578010165
                        67          13.7922660195367
                        66          13.3393944403533
                        65          12.9190075645217
                        64          12.5300120096096
                        63          12.1714393612445
                        62          11.8424319433222
                        61          11.5422309539412
                        60          11.2701665379258
                        59          11.0256494601898
                        58          10.8081641154692
                        57          10.6172626649696
                        56          10.4525601334296
                        55          10.3137303340311
                        54          10.2005025157352
                        53          10.1126586496417
                        52          10.0500312891236
                        51          10.0125019537356
                        50                        10
                        49          10.0125019537356
                        48          10.0500312891236
                        47          10.1126586496417
                        46          10.2005025157352
                        45          10.3137303340311
                        44          10.4525601334296
                        43          10.6172626649696
                        42          10.8081641154692
                        41          11.0256494601898
                        40          11.2701665379258
                        39          11.5422309539412
                        38          11.8424319433222
                        37          12.1714393612445
                        36          12.5300120096096
                        35          12.9190075645217
                        34          13.3393944403533
                        33          13.7922660195367
                        32          14.2788578010165
                        31          14.8005681864039
                        30          15.3589838486225
                        29          15.9559109389016
                        28          16.5934138230199
                        27          17.2738636560929
                        26                        18
                        25           18.775010008008
                        24          19.6026316928587
                        23          20.4872908732526
                        22          21.4342862858286
                        21          22.4500453720882
                        20          23.5424868893541
                        19          24.7215506804709
                        18                        26
                        17          27.3946908890854
                        16          28.9286924942945
                        15          30.6350832689629
                        14          32.5644042258373
                        13          34.8013158464293
                        12          37.5100040032032
                        11          41.1118055826844
